1.000000000000000000e+00
9.978038396146238220e-01
9.945586029650632653e-01
9.934578630314113701e-01
9.870596129336235425e-01
9.847135570507392632e-01
9.804455577266784072e-01
9.795169330017015064e-01
9.757965706499133196e-01
9.731135826508643394e-01
9.716005139530643486e-01
9.669939698872515033e-01
9.633670430157427189e-01
9.608522439334041820e-01
9.554916436243462430e-01
9.526106394683803158e-01
9.494765971295432427e-01
9.459420553905534268e-01
9.418255773132809816e-01
9.374921276241710011e-01
9.326935261676804201e-01
9.277805657962964192e-01
9.260501755751424646e-01
9.254902050240934042e-01
9.225573687339944096e-01
9.189581366941277363e-01
9.165279679701502369e-01
9.141907112827851734e-01
9.138952924596039917e-01
9.121173740510213346e-01
9.096755653236038297e-01
9.052350460751426020e-01
9.027484700066202850e-01
8.984990891639710320e-01
8.957210476221804107e-01
8.925717783146610573e-01
8.910492323623818711e-01
8.886458249476882898e-01
8.880919292981603874e-01
8.868524373106781988e-01
8.838664784564512766e-01
8.854866518915518458e-01
8.819686904708257114e-01
8.797072197635700253e-01
8.771909259976702344e-01
8.744312393915809611e-01
8.720509432392299365e-01
8.688576660786168082e-01
8.669449570189809995e-01
8.652112679074893675e-01
8.637112815035846713e-01
8.622259399345397757e-01
8.590549500500419544e-01
8.582768695014706406e-01
8.582989471721212960e-01
8.557790805050325966e-01
8.570238105689690356e-01
8.545240541534979695e-01
8.517676776396654326e-01
8.497503546251656825e-01
8.473502853815816360e-01
8.462065695534901621e-01
8.452449048794024034e-01
8.425449330567144068e-01
8.394178298847067010e-01
8.365038428673982063e-01
8.330694915165715031e-01
8.315472682179106956e-01
8.313450578125763935e-01
8.291687095561559584e-01
8.280170176838476115e-01
8.270200353342398447e-01
8.247607742547728993e-01
8.216985951863281512e-01
8.199499976746558172e-01
8.166765995385849575e-01
8.158018440571532803e-01
8.120074624726453250e-01
8.086775399712297085e-01
8.081863499502394133e-01
8.075329897142927704e-01
8.049882775430617921e-01
8.019913781482145287e-01
8.002910818798827375e-01
7.971896393601750619e-01
7.976839489007432338e-01
7.972278013637955629e-01
7.956752959500006384e-01
7.948467226141766595e-01
7.955261526505901237e-01
7.920616599202970898e-01
7.905263107564922676e-01
7.875986985078279323e-01
7.853461919946277403e-01
7.831200783976447477e-01
7.812629109224868973e-01
7.784974770331052341e-01
7.753297791648658954e-01
7.723558108430387259e-01
7.705821177708918057e-01
