5.143398372350140068e-04
-3.217250721582786202e-03
-1.053875000828254907e-03
3.683206867289617360e-03
-4.521651057317976441e-04
-1.411802731069108441e-03
-4.429640865182457241e-03
-4.309366490655360329e-03
-1.711211684568643768e-03
-5.429816268580719800e-03
3.337705024993154086e-03
-4.863087454761405928e-03
4.437209588135346966e-02
-2.971609950519293539e-03
4.146727032405784878e-03
-3.753017875415514803e-03
-2.609746059170656250e-04
-4.618185266736444909e-03
-4.743225060678842378e-03
-2.026877016852846709e-04
-3.572809503754023012e-03
-8.175031410280585034e-04
-2.011046439771152928e-03
-1.066901191110040935e-05
-6.214129470476236622e-03
