1.000000000000000000e+00
9.873930166530062724e-01
9.782836511304769944e-01
9.634500974757658209e-01
9.512183410055184973e-01
9.411528995663652752e-01
9.358944358845605604e-01
9.261348804270963520e-01
9.100904910605246423e-01
8.988523620627190125e-01
8.875380283116525160e-01
8.757516769290615288e-01
8.646889910885762198e-01
8.562585684075172399e-01
8.520211923070530879e-01
8.414316821716090189e-01
8.333189833685710202e-01
8.235839511518261435e-01
8.159943055797455047e-01
8.060296991207605011e-01
7.931876053778327273e-01
7.859365958755527570e-01
7.782889273765671856e-01
7.699525718198484414e-01
7.623807864242462262e-01
7.488393157502803987e-01
7.363127891690441906e-01
7.206488125785012189e-01
7.097650785213053259e-01
7.046632488371475933e-01
6.957350713180006085e-01
6.864482119090449252e-01
6.735292641162291538e-01
6.712499664697875179e-01
6.682543590826444113e-01
6.641054443239742255e-01
6.605418790421130337e-01
6.600108076905570886e-01
6.480913598068063219e-01
6.439884096986344675e-01
6.346692689079344030e-01
6.323795598687670383e-01
6.242696643432610326e-01
6.128421579038749734e-01
6.033371933126949749e-01
6.008894297787099603e-01
6.014732914147130627e-01
5.950069288271185863e-01
5.920652144923540527e-01
5.876722970264476320e-01
5.789136394247477169e-01
5.717034326327675720e-01
5.666988190288353433e-01
5.653445930935141472e-01
5.621033057646236397e-01
5.543512423897981600e-01
5.552081669573112332e-01
5.438057627159192942e-01
5.356617917489989722e-01
5.309484659771245285e-01
5.267570287883306390e-01
5.243964233617395276e-01
5.206843618526619810e-01
5.155955075194024184e-01
5.087685502038040708e-01
5.059331429780572487e-01
5.055471190144400495e-01
4.968333929471512311e-01
4.975919014497384718e-01
4.933836413001538301e-01
4.917125196131528209e-01
4.870368277048977568e-01
4.874015320925383921e-01
4.791037919675629753e-01
4.785599227024244784e-01
4.754552911434475893e-01
4.719444146386388983e-01
4.659350762192245310e-01
4.653778110596364370e-01
4.575425036097738873e-01
4.544682523734698276e-01
4.493952924142795013e-01
4.415140701116090916e-01
4.361334764816472975e-01
4.322868452614303525e-01
4.338320703951912827e-01
4.329932261414306538e-01
4.304052998743960745e-01
4.308148277623375932e-01
4.288288245825056522e-01
4.212707584593698429e-01
4.199171993828020311e-01
4.135467675106239138e-01
4.120605395982608332e-01
4.066997433035499099e-01
4.032422684619184627e-01
3.956241922994400695e-01
3.935853095271875102e-01
3.820069931757205106e-01
3.764077747650262928e-01
