1.000000000000000000e+00
8.520728064980482852e-01
7.127213299064898422e-01
6.288016189273069045e-01
5.719078134686558235e-01
5.178560327661937412e-01
4.677083693370329143e-01
4.327871142024062312e-01
4.106108350441786681e-01
3.781798521790904477e-01
3.663565375605186136e-01
3.554245971966260020e-01
3.573418476244930031e-01
3.414474612593033642e-01
3.277933226658577559e-01
3.527485447244476657e-01
3.362798845619354715e-01
3.485542832530900137e-01
3.278830063871515654e-01
3.104757531739740228e-01
3.149990531053353249e-01
3.133011118733334266e-01
3.145261301888973571e-01
3.143680358392509366e-01
2.944753976637778936e-01
3.015147105981150211e-01
2.932998263737963685e-01
2.759176475112859461e-01
2.657697520183908146e-01
2.636473751241686370e-01
2.574379317747957918e-01
2.554362879743265480e-01
2.688263837513422683e-01
2.532700260263364145e-01
2.261577400957536788e-01
2.365183549571027166e-01
2.334982033004643909e-01
2.429750834552404926e-01
2.543977671129996065e-01
2.666340246635281463e-01
2.636954285687661548e-01
2.469564323388606930e-01
2.401480386219533580e-01
2.287849410573180309e-01
2.414475221390608994e-01
2.445259700618964971e-01
2.287156839088224369e-01
2.424755425937608067e-01
2.474969557162935430e-01
2.318491661405553406e-01
2.339243582596590709e-01
2.524913947152812033e-01
2.435403321245626918e-01
2.321791044622257272e-01
2.435647453449267252e-01
2.387903660659930760e-01
2.576517999812128479e-01
2.613881758892364626e-01
2.371560597001978465e-01
2.438857015448272214e-01
2.362076578031213070e-01
2.291927367664416404e-01
2.369683339421048696e-01
2.408960225683172973e-01
2.367818278793972497e-01
2.289782365375395978e-01
2.167086947911583683e-01
2.063903640285676966e-01
2.028240750440509499e-01
1.811330691910689183e-01
1.763898116244276282e-01
1.759382974611093386e-01
1.890477732612807771e-01
1.906160697728815634e-01
1.922500972433398292e-01
1.861000869066854468e-01
1.959566770978507788e-01
2.053529398459910116e-01
2.035669101920104807e-01
2.137613318255982553e-01
2.001293812727881205e-01
2.116614801155095316e-01
2.208254876689473845e-01
2.230691966315106467e-01
2.187015730319645523e-01
2.162431901549514701e-01
2.188755034993861426e-01
2.136963942710633779e-01
2.134377091218467859e-01
1.973648451606566101e-01
2.038809938151741885e-01
2.225807623592562789e-01
2.121469980780752995e-01
2.168947038728703813e-01
2.090958918702378877e-01
2.211832374984238903e-01
2.119136882559386759e-01
2.040229141422561787e-01
1.924651689957263823e-01
1.893501090759839300e-01
