-2.311113883925748624e-02
1.854728925039166292e-03
1.332579737512708945e-02
-3.155624665010396245e-03
-2.363344653326982306e-02
-9.920734994326505310e-03
5.004921224591118122e-03
-7.459030664706874786e-03
-3.779519352595253189e-03
-8.831016779574846209e-03
5.185262220010604731e-03
-3.520221673442874410e-03
8.711843962203659475e-02
-4.412380072813405080e-03
-2.414740513223671142e-02
-1.714490584552083325e-03
-1.008740873633338919e-02
-1.514494747436175796e-03
1.543388566098397550e-02
-1.735628236927726263e-03
-1.406127161700699776e-03
5.947340850653906434e-03
-1.030118413521393002e-02
-1.124815862725930121e-02
1.610763585928806640e-02
