1.000000000000000000e+00
9.651587761085133055e-01
9.104329125538764833e-01
8.576174116310053552e-01
8.192875767407494791e-01
7.856741900384859312e-01
7.575383567691185149e-01
7.298648201448569850e-01
7.008811049771080937e-01
6.776125410348893263e-01
6.537089672405982377e-01
6.234426286325003286e-01
6.038894995533057308e-01
5.769856314126453611e-01
5.556911214864550530e-01
5.364931968432501419e-01
5.159617126664586273e-01
4.987847550343261216e-01
4.932980550853818258e-01
4.727940962585038820e-01
4.509496425373892281e-01
4.388319037765402997e-01
4.147215272630782601e-01
4.095409679813465376e-01
3.960761619952558599e-01
3.928723614282770282e-01
3.847445838101665183e-01
3.720098312986076516e-01
3.734064242867019545e-01
3.549973403632292190e-01
3.417139989427849800e-01
3.289428286765148091e-01
3.318685368808685920e-01
3.262636177817539451e-01
3.175523223908113257e-01
3.283530156993315074e-01
3.109049352251785914e-01
3.008886746760699449e-01
2.851708416794829781e-01
2.887049359375377100e-01
2.780565590478865090e-01
2.659751432254124359e-01
2.632242504050039122e-01
2.580405394545700615e-01
2.505944652060668187e-01
2.483401166706990237e-01
2.347461704908656022e-01
2.281881523872518469e-01
2.277018877220099990e-01
2.353528095226915806e-01
2.359573876929501879e-01
2.345494544010876259e-01
2.364834645069368302e-01
2.290172743641233633e-01
2.273288384692193909e-01
2.244776981756310408e-01
2.354526590304717448e-01
2.264346223678440073e-01
2.161299741430622312e-01
2.091937416198734745e-01
2.161543631669197718e-01
1.975206979216379555e-01
2.048380334003450931e-01
2.073911473875345024e-01
2.139831239832568899e-01
2.052225460744403485e-01
2.117546064597553845e-01
2.072764192563052721e-01
2.105917083946611812e-01
2.113346570745844588e-01
2.154826869786850008e-01
2.184221062436764171e-01
2.121323374197019995e-01
2.074753607680646650e-01
1.989999453217859982e-01
1.886785599670774416e-01
1.966078603447818374e-01
1.965789696297119415e-01
1.945396253403765541e-01
1.934682763335514033e-01
2.000298561101102324e-01
1.996619481977961186e-01
1.991761387815801643e-01
1.915579761462767594e-01
1.868957772686272445e-01
1.824510162270231162e-01
1.777272230076344939e-01
1.878322510815716995e-01
1.816588718578937278e-01
1.719505914529748380e-01
1.788494534323125662e-01
1.766715720648985022e-01
1.761745580864886862e-01
1.755906312013650883e-01
1.873362519009671434e-01
1.855205063057074610e-01
1.835119100114299961e-01
1.812191060060363845e-01
1.886808731699244901e-01
1.951594523002539161e-01
