1.630834759067683118e-03
3.105544689170502796e-03
9.363381035593309164e-04
-2.328818365577365983e-03
3.601212842325706158e-05
-3.847925247094615905e-03
3.619941077533251304e-03
-2.912590567402796680e-03
-2.649825334496101574e-03
-4.675570253813924292e-03
1.152310131098795154e-03
-2.315722731242888762e-04
1.741119183295183198e-02
-1.965840776262179918e-03
-2.453357676009619136e-03
2.014585970157597647e-03
-1.303040707739755791e-03
-3.302075351739326269e-03
-4.778428462487023000e-03
-3.052631840181913719e-05
-2.018755594265607758e-03
1.231378225090889057e-03
-2.532217163620654858e-05
-8.464938459386914119e-04
2.232005947099201162e-03
