3.613483716449387788e-04
-8.356762065894071667e-03
-9.457070873855787790e-03
-2.029366449728672514e-02
-1.969989460246980573e-02
-5.728487647089912892e-03
-6.428816403943648887e-03
5.531430125245507916e-03
-4.876154396258301077e-03
9.625232214745036916e-03
1.918243256177598957e-02
1.143697816547853928e-02
1.914645680783627346e-01
9.210762570216713199e-03
-2.727810909901818084e-02
-1.436987399327850287e-02
-2.120581830737376314e-02
-1.781028712250113527e-02
1.467012336189702122e-03
-7.290937904946529109e-03
-2.302769472939920816e-03
5.011862403209282543e-03
-2.375697597333899236e-02
-2.107629765477479072e-02
-4.335966885316994146e-02
